

32078	-0.769	-0.093	-0.006
32179	-0.779	-0.083	0.004
32279	-0.767	-0.096	-0.009
32379	-0.78	-0.082	0.005
32479	-0.764	-0.099	-0.012
32580	-0.784	-0.077	0.01
32680	-0.766	-0.097	-0.01
32780	-0.786	-0.075	0.012
32881	-0.765	-0.098	-0.011
32981	-0.786	-0.075	0.012
33081	-0.759	-0.105	-0.018
33181	-0.785	-0.076	0.011
33281	-0.762	-0.102	-0.015
33381	-0.787	-0.074	0.013
33482	-0.762	-0.102	-0.015
33583	-0.787	-0.074	0.013
33683	-0.761	-0.103	-0.016
33783	-0.787	-0.074	0.013
33884	-0.761	-0.102	-0.015
33984	-0.786	-0.075	0.012
34084	-0.76	-0.104	-0.017
34184	-0.786	-0.075	0.012
34285	-0.762	-0.102	-0.015
34385	-0.786	-0.075	0.012
34485	-0.762	-0.102	-0.015
34585	-0.786	-0.075	0.012
34686	-0.762	-0.102	-0.015
34786	-0.787	-0.074	0.013
34886	-0.761	-0.102	-0.015
34987	-0.787	-0.074	0.013
35087	-0.762	-0.102	-0.015
35187	-0.788	-0.073	0.014
35287	-0.763	-0.1	-0.013
35387	-0.785	-0.076	0.011
35487	-0.765	-0.099	-0.012
35588	-0.786	-0.075	0.012
35688	-0.765	-0.099	-0.012
35788	-0.782	-0.079	0.008
35888	-0.768	-0.095	-0.008
35989	-0.782	-0.08	0.007
36089	-0.766	-0.098	-0.011
36189	-0.782	-0.079	0.008
36289	-0.768	-0.094	-0.007
36389	-0.78	-0.082	0.005
36489	-0.77	-0.093	-0.006
36589	-0.78	-0.082	0.005
36689	-0.774	-0.088	-0.001
36789	-0.777	-0.085	0.002
36889	-0.776	-0.087	0
36989	-0.778	-0.084	0.003
37090	-0.778	-0.084	0.003
37190	-0.773	-0.09	-0.003
37290	-0.785	-0.076	0.011
37390	-0.768	-0.095	-0.008
37491	-0.784	-0.078	0.009
37591	-0.767	-0.096	-0.009
37691	-0.785	-0.076	0.011
37792	-0.764	-0.099	-0.012
37892	-0.784	-0.078	0.009
37993	-0.764	-0.099	-0.012
